809
440
2663
1333
1250
2465
203
1002
1705
1524
2615
1817
2881
1721
2218
2458
2495
391
1058
2860
2782
2381
820
2873
676
3061
2678
895
1258
585
627
707
765
1400
2431
2289
2641
2134
2637
830
1584
2888
2502
1017
2933
2897
1541
2257
2805
2703
1363
683
366
3098
802
1163
74
2314
1537
369
685
51
2655
2516
1939
279
2277
2869
1452
2902
3066
630
2034
2798
1006
2903
0
51
135
324
913
2811
1942
1126
2386
1530
2261
1265
317
2855
2035
3034
242
2912
2776
1530
1814
578
2912
1482
1025
1008
2139
2488
287
2863
1357
1132
1958
1809
3080
601
1009
869
2983
2324
2083
1016
1837
1748
633
952
2380
1940
1979
2546
2179
1174
1151
304
2112
1094
367
1651
627
801
2557
791
2281
2351
2515
