26253
11813
41769
9178
4607
34863
35087
34508
24959
15098
27979
38559
7765
19260
5446
24942
16783
15616
32710
10552
24585
12599
35281
4347
8063
14223
11232
12253
25464
30163
8467
41118
42238
30589
5732
38648
36210
18806
17298
8424
42714
32852
34450
9877
379
19356
43359
43876
6929
18258
19328
14972
6104
21445
5517
44130
13390
6831
10210
698
39671
30041
44737
41846
35063
16117
44062
33496
18322
15222
20259
38181
31790
10062
31136
44346
34863
29382
13291
7382
12629
29657
4411
11334
29405
35308
12456
22377
42757
15822
27679
39995
4869
6366
39462
15021
1534
1455
14101
6507
82
22277
5728
5447
43911
24769
34258
7204
28837
9659
493
39767
43153
7309
6469
6776
16767
12355
4000
39474
36425
